8516752748
8516700375
8429351225
8429296848
8429248553
8429189052
8424951101
8424906528
8424876230
8423650312
8423592195
8422279341
8422226852
8421156888
8421081768
8420976119
8420917493
8404888142
8404808427
8404788181
8404766632
8404741330
8396773786
8396699306
8389629276
8385782837
8385748370
8385711668
8368665048
8349068269
8349008378
8347657578
8346470307
8346427733
8343779796
8343650886
8342195125
8342128333
8340944224
8340900700
8340855003
8338262296
8338223733
8324652583
8324610985
8323374296
8276219453
8276167286
8272253489
8272191044
8270829337
8270761941
8262084048
8259153207
8258050089
8257989467
8255737992
8248043661
8188879385
8188814562
8185823173
8176688344
8167769903
8167740831
8167700551
8164915627
8164846203
8145092189
8122319883
8092819602
8092787000
8092759380
8049857292
8038946306
8038880857
8029088510
8025126069
8005371164
7991802637
7988676761
7987433146
7977059957
7971025526
7968242650
7965313829
7962024991
7957853761
7956550048
7950085460
7948491696
7947247311
7943850798
7942962235
7942767871
7942656652
7928081277
7928038326
7923735717
7922812248
7916062078
7916018412
7912237311
7896015914
7653117673
7597918060
7535711406
7520628327
7519757871
7519662958
7503570715
7502537151
7502466481
7490245559
7488669202
7488558164
7485642940
7485576794
7485550918
7484305315
7484262433
7484236022
7476249274
7470083415
7469091263
7455427683
7450548391
7448994892
7431987221
7428038041
7427986435
7418386407
7414645781
7414586682
7414518515
7413440530
7406786017
7406696142
7405920029
7377812586
7377774917
7351202662
7340725916
7308745352
7308712892
7299138349
7299104410
7296182004
7296096486
7288959301
7283021490
7282922214
7282870346
7282828706
7235748561
7235714404
7203669728
7198175195
7196919231
7196038618
7196001673
7193985642
7193931611
7193881719
7193739169
7193660306
7190946111
7176505755
7176476840
7175035495
7174965812
7174167334
7161180160
7161078975
7159631930
7159598228
7155733923
7145123728
7145044840
7141355751
7141269371
7138314809
7124610245
7124504806
7122913112
7122863145
7119112857
7119107934
7119035020
7118962360
7117217048
7117123294
7117050773
7115365078
7115159854
7112475923
7111453935
7108450164
7105213499
7105132368
7102325235
7102265671
7102187719
7098334117
7098286149
7098194891
7098102396
7097469971
7097465256
7096499577
7091797979
7091692991
7087646761
7084287123
7074767338
7073346706
7071979956
7071912043
7071771176
7070534136
7070498416
7063022068
7062922962
7062915192
7055492517
7055430367
7055371525
7055320548
7053290822
7053269584
7053236349
7048464221
7048406615
7048360979
7048275399
7047017132
7040559739
7037603033
7031730538
