8542334314
8542302123
8542244438
8542118490
8537021413
8528523583
8511470118
8508662525
8508616216
8504968688
8498871648
8498804992
8485671699
8485579727
8485405156
8484015850
8483972095
8483913373
8483812242
8482046617
8481999245
8481918569
8481843668
8480229780
8473903145
8473812635
8473741560
8473640105
8472146911
8472108018
8472055913
8471971736
8471871767
8471749182
8470227652
8470198197
8470161637
8470121079
8470071029
8469974489
8466142769
8466069238
8465343022
8465299527
8464807108
8464703988
8463130163
8463046209
8462098493
8460699564
8460633469
8460545864
8460490892
8458871694
8458608987
8442135872
8439140327
8435980310
8435825794
8434904777
8433448657
8433388140
8433301337
8433196021
8433136354
8432954569
8432861401
8432017332
8430364184
8430317810
8418066445
8415422700
8411904201
8411881447
8411509222
8411454185
8408484475
8408449412
8408395524
8408340761
8408304506
8408242853
8408223667
8407259735
8407237403
8407217238
8407179974
8407097078
8407051930
8407030433
8406994248
8406959909
8405702119
8405679744
8405634495
8405561496
8405515356
8405481308
8405292295
8405079697
8405022593
8392200439
8384111196
8384058382
8383978246
8383937313
8383879202
8374732889
8374644992
8374560423
8374452547
8373611168
8373573449
8373541286
8373474864
8373380242
8373240658
8364540168
8345952204
8341622026
8341603969
8340503907
8340487242
8340240381
8336602966
8336344587
8330311692
8329780368
8329674141
8325765171
8311384984
8311273444
8305140023
8305113963
8295979833
8223618748
8213980803
8204519772
8186046635
8184751769
8184713191
8184657646
8184597523
8183942573
8183894617
8183201965
8183135572
8183085422
8182544776
8182390326
8181454607
8181026085
8180905101
8180035505
8180014746
8179872424
8179840955
8179682026
8175463297
8175380600
8174067641
8173994239
8173950632
8170768360
8170708208
8166748163
8166669247
8163900973
8163839220
8163781775
8163411414
8155318960
8153989421
8153913908
8153843500
8146853506
8146809952
8143768534
8142234755
8141823265
8136580820
8135546778
8134583539
8133829126
8133662731
8133629130
8133553271
8132108830
8131846871
8130690130
8129282386
8126442014
8125147200
8125072377
8125035442
8124950556
8124464082
8123157160
8123016773
8122940360
8122613499
8122530043
8120121649
8118098253
8117315753
8117268983
8117218487
8116756255
8116668074
8115573076
8115484120
8115252459
8115184641
8115130214
8115016879
8114795250
8104623423
8104479540
8093361719
8093290785
8091651414
8090375974
8090308630
8081960433
8081859556
8081338088
8081177541
8080312386
8080194493
8079634051
8071890218
8070335490
8070229084
8070152944
8044647305
8044613187
8037975306
8037898754
8037841211
8028992979
8028256786
8028194837
8028139685
8028107160
8028060439
8027832091
8026112257
8026075803
8026045630
8025992938
8025867696
8025813529
8025699807
8025389195
8025287217
8018602976
8018581534
8018357399
8018090603
8017936764
8016756071
8016333865
8016240482
8016065246
8016001998
8014369062
8014291141
8011078554
8006039995
8005960077
8005898417
8005848910
8005747785
8005334244
8005172590
8005116943
8004277533
8004128175
8004072553
7995439576
7994541690
7985389736
7985359172
7985308595
7985207417
7985154159
7985081458
7980963409
7980927897
7980902052
7980880562
7980854713
7980786619
7980721721
7980672796
7979573247
7979550064
7979514873
7978883360
7978802143
7978748426
7978184594
7978130095
7977435888
7976670947
7976642798
7975999795
7965654234
7965425880
7964487156
7964460784
7962922492
7962904634
7962832860
7962759270
7954062358
7952307884
7952289620
7944428330
7941619530
7931319291
7918508855
7917007284
7916925477
7915714098
7910874833
7910846866
7910817211
7900321546
7890536483
7890485172
7890449912
7878128314
7851377421
7851355257
7851295650
7849792865
7849758817
7849736139
7849442467
7849231383
7849093201
7846412940
7846380534
7844120753
7842353132
7842317978
7838508862
7838449894
7838386955
7837063781
7827573506
7827131823
7827028737
7826180136
7825495060
7825457716
7819846342
7815157065
7804942482
7804882623
7804635417
7804562587
7804469829
7802625780
7802567176
7794461270
7794367669
7792893545
7792820010
7790137619
7789208995
7789164906
7787283972
7787207662
7783372276
7781939134
7781546411
7780703378
7778649787
7778575261
7775918381
7775828940
7775561095
7775296856
7775240165
7773812660
7772146977
7772089037
7772026250
7771808709
7771723408
7771642639
7769970624
7769903918
7769519091
7769365233
7768042360
7767982562
7766754648
7765040218
7764967473
7763959582
7763825289
7763580397
7763275023
7762968306
7762909557
7762047387
7762001149
7761971696
7761857857
7761284082
7761140787
7761073589
7761014108
7760935918
7759477453
7759400543
7758459272
7757293268
7757236687
7756932834
7756732225
7756627299
7754915754
7753716552
7753595869
7752713441
7752118176
7750347308
7750180879
7750096986
7748434240
7747572273
7747522482
7747408939
7746072150
7745233001
7744409899
7742501275
7742437205
7742393869
7737842793
7733245515
7733174166
7730409940
7730313846
7729647344
7727818364
7726326615
7726225493
7724758437
7722749688
7722592707
7721518383
7721481951
7721444906
7721331116
7721271230
7719555272
7719520134
7719442408
7719374465
7719286783
7719215193
7717564915
7717527413
7717499011
7715831594
7715687189
7715637987
7715470353
7715425349
7714305022
7714261471
7714124615
7712487852
7708600067
7708556244
7708465387
7707463264
7706898422
7706808457
7706724023
7706632335
7697868411
7697622223
7696324240
7696280140
7696224477
7696021052
7695814562
7695767634
7694062910
7694047656
7693866988
7693830177
7693770473
7690662494
7687713437
7686380027
7684919177
7684533159
7683844627
7683129325
7682907492
7682346579
7681648134
7681488030
7680217551
7680046997
7678374905
7678325591
7678033147
7677776634
7677019952
7675514897
7675463267
7675266549
7674846976
7671695868
7664096279
7663988691
7663915572
7663854849
7662865433
7662258012
7661232328
7661190410
7656305820
7653461445
7653404201
7651130526
7648291252
7640763035
7640713423
7640641978
7640501248
7639067033
7639012530
7638557542
7638497909
7635456416
7629350418
7627637098
7627511500
7627302125
7627246349
7627049842
7626569717
7625480230
7619372446
7618004974
7617922489
7603505595
7601572328
7601473093
7597870955
7595066199
7595029493
7594995864
7592454145
7592369775
7590696217
7590577338
7590547244
7590445942
7585012305
7581951273
7581731118
7581227994
7581149962
7580488068
7580088822
7578386160
7578324133
7578284481
7576415986
7576146313
7574348314
7572385075
7572335643
7569647650
7568395872
7568323587
7567592157
7567501238
7567397472
7567304325
7567241334
7566608866
7566570265
7566304979
7564793785
7564736981
7564573803
7561885207
7561777583
7557792066
7557761036
7557573607
7557530708
7557244324
7556840501
7555861479
7554365208
7554306686
7550121885
7550062972
7550002792
7548343584
7548243572
7548157198
7548017037
7547073150
7545397498
7545155351
7544856739
7543556269
7543495267
7543452314
7537352951
7537244633
7536313581
7536135881
7534262358
7531393819
7531105546
7528576538
7528516684
7528267550
7528174310
7528067059
7526933452
7526838008
7525290458
7523439253
7520227607
7516701684
7513161899
7512280552
7512208149
7511479289
7510762334
7510585920
7508805690
7503998427
7502667823
7502588973
7501239874
7501186229
7499620889
7499498456
7499097426
7498975557
7496496748
7496296924
7492780399
7492678622
7491168559
7490854539
7487588761
7479067704
7478970214
7478699929
7478611457
7474255419
7469752439
7469645629
7469239887
7468668789
7468620496
7468532406
7467898330
7467772246
7467574073
7467456052
7465994208
7465930899
7465652650
7464575425
7460093583
7459460310
7459334587
7457942348
7457870416
7457795685
7457742645
7456465369
7452950707
7448178620
7448099735
7446417943
7446375250
7444430788
7444383244
7444228321
7444167998
7443891417
7439185989
7439033348
7433765336
7433743853
7433541151
7433474826
7433213759
7432798179
7432525737
7431222173
7431133140
7427012479
7425427156
7425348414
7425143931
7425043395
7424953239
7424834738
7422927429
7422805106
7421617931
7421369993
7418944070
7417582731
7417517682
7416175865
7416080919
7414061710
7413895194
7412808766
7411855613
7411811967
7411532896
7410876187
7410773635
7409822466
7409737658
7409698975
7409638981
7409466050
7409305612
7407948515
7407870520
7406600152
7406569910
7406545815
7406507778
7406356666
7406271771
7406199596
7406144229
7404327460
7402804491
7402762906
7402706848
7402562291
7402483401
7402437818
7400970155
7400722917
7398016736
7394744947
7394516238
7394172334
7393421556
7393332201
7393146229
7392866566
7391458716
7391132276
7382252130
7382186847
7381776528
7381692573
7381523727
7360872893
7360605188
7360525403
7359302634
7358555125
7357636708
7357425559
7354448545
7354398013
7353570869
7350296567
7350201803
7350062078
7350007786
7349133047
7349109656
7348973740
7348451186
7348376507
7347397475
7345449587
7339987858
7339875734
7339274006
7338202191
7338020872
7336659091
7336583893
7334724409
7331794777
7327651118
7327003486
7324229783
7324153388
7324046584
7319627285
7318170472
7318077932
7314379953
7312386581
7312297459
7311004635
7310816097
7310751432
7309701023
7309566865
7309250061
7309180730
7309117087
7308589162
7308560579
7306173566
7306054061
7305044355
7305009494
7302766062
7300085381
7300056582
7299679149
7299642069
7299599207
7299538704
7298126632
7297880317
7296355381
7296255585
7296058964
7290416232
7290330404
7290250388
7286813059
7285362197
7285340596
7285303938
7284944329
7283790361
7280723034
7280627265
7275117227
7274759766
7274638463
7270549812
7270504211
7270446833
7264628023
7264594247
7257532908
7223542495
7223512651
7222690451
7221236502
7221146236
7220027849
7218797453
7218739557
7212797146
7212737060
7212495909
7211548978
7211463155
7211365904
7211063876
7210153414
7210082337
7208868910
7208814274
7208786496
7207437276
7207384118
7207319264
7205818134
7201827438
7201682363
7201622256
7201325526
7200401293
7200359255
7200213310
7199679078
7199069372
7198620696
7198546032
7198322275
7196353343
7194758131
7194431911
7194103460
7193984069
7193239955
7191846044
7191760431
7191607013
7190207964
7189886727
7188987199
7188592141
7187894894
7187873442
7187712385
7187284961
7186339974
7184533132
7184045047
7183117518
7182675380
7182563123
7182482240
7182238626
7181599411
7180130333
7180051874
7180021831
7179926273
7179853011
7179717346
7179668948
7178918690
7178876552
7178624032
7178161296
7178067566
7177496672
7177421737
7177374485
7176762903
7176119332
7176097998
7176069440
7176050227
7176019654
7175863304
7174315666
7174247931
7174212093
7174106159
7173544806
7172658827
7171801135
7171166230
7171143482
7171037984
7170406444
7168192903
7167869766
7167297004
7166365481
7161754762
7161620289
7156348364
7154688133
7154647090
7153326899
7153293210
7153268482
7152586646
7149928852
7149885272
7148629778
7146836950
7145639701
7144958237
7144036635
7143418734
7142338926
7142316379
7142144579
7142083476
7142027164
7141409133
7140621333
7140583998
7139062930
7138671770
7137566068
7135949195
7125323699
7125257075
7123827483
7123795038
7123758319
7123574483
7123523742
7122179458
7122030507
7121977012
7121885070
7121833866
7121342126
7121296172
7120505348
7120477665
7120450795
7120394268
7120343707
7120268952
7120187737
7120142446
7120048020
7120004093
7118439080
7118395558
7118225322
7118159165
7118081859
7117402303
7117346037
7116088463
7116056512
7116007261
7115952837
7115922639
7115862735
7115826550
7114688544
7114657533
7114616150
7114588282
7113293025
7113154368
7113106775
7111954772
7111914236
7111876148
7110571837
7110542156
7110510607
7110461307
7110257158
7110223148
7110177836
7110138995
7108934725
7108902692
7108867185
7108841121
7108836241
7105791709
7105721596
7105685722
7105648082
7105531783
7105485772
7105400145
7105265164
7105249470
7105189659
7105053634
7103164569
7103147142
7103126896
7103103012
7103070264
7103040639
7103020075
7102968494
7102943847
7102648527
7102448086
7102382093
7102344763
7101766052
7101750731
7101732114
7101711567
7101677450
7101600913
7101555098
7101520993
7101466589
7100028905
7099987044
7099515880
7099462807
7099335407
7098691365
7098664958
7098628607
7098585276
7098551510
7098514961
7098472296
7098233038
7098192322
7097010790
7096981536
7096967848
7096937416
7096839723
7096804966
7096688743
7096627522
7096566948
7096527110
7096486672
7095337430
7095299462
7095259639
7095103103
7095065297
7093898819
7093863495
7093766914
7093721952
7092420113
7092382427
7092343548
7092266129
7092207547
7091047333
7091020339
7089703474
7089656405
7088367939
7088347229
7088324955
7088305838
7088290606
7088275636
7088252213
7088230682
7088211804
7088182976
7088148694
7088111982
7088082975
7088043777
7088013876
7087977499
7087934527
7087901452
7087870831
7087800531
7087713486
7087662971
7087599452
7086633352
7086619889
7086598449
7086594393
7086578481
7086558995
7086539664
7086500512
7086474066
7086454391
7086403570
7086369603
7086330921
7086328924
7086282257
7086227708
7086181410
7084886139
7084856201
7084818720
7084794034
7083461051
7083418407
7080647581
7080617990
7080581462
7080533857
7080470406
7080437536
7080402679
7080367875
7079138667
7079086209
7079039966
7078944281
7078902935
7078855981
7078846952
7078787707
7078748249
7078674516
7078612964
7078542111
7077785256
7077773382
7077753274
7077740653
7077719715
7077687723
7077652406
7077630282
7077598167
7077566484
7077533686
7077483257
7077420604
7077369708
7077309217
7077239222
7077203051
7077155640
7077105513
7077064545
7076993253
7076019795
7075997009
7075975449
7075973195
7075952258
7075919193
7075875949
7075768442
7075739458
7075694682
7075652264
7075615377
7075581659
7075537383
7075496522
7075448891
7074170622
7074133250
7074092532
7074050701
7073996304
7073979592
7072847731
7072814185
7072768484
7071362630
7071317754
7071290913
7071255844
7071207146
7071172124
7069994702
7069949731
7069906328
7069865816
7069828020
7069727536
7068578428
7068535819
7068250629
7068210902
7068158444
7068068691
7068018651
7067961391
7067898654
7067812033
7066872733
7066760931
7066706470
7066564641
7066492652
7066394415
7066335466
7066261808
7066204365
7066159475
7066097073
7066057470
7065124151
7065015121
7064982673
7064758357
7063400819
7063278432
7063242678
7063200890
7061996762
7061868909
7060420351
7060357179
7060240331
7060179145
7060144323
7057322936
7057257416
7057180477
7057126720
7057050973
7055813607
7055761526
7055705026
7055660238
7055619204
7055567155
7055509757
7054204382
7054075601
7054048654
7053946665
7053892934
7052475019
7052429069
7052267553
7052218158
7050862434
7050819243
7050775436
7049433671
7049396138
7049337781
7049291178
7049248940
7049205695
7049148396
7049092855
7049029683
7045634061
7045580477
7045500641
7044325454
7044215022
7042557322
7042482062
7042431219
7042370893
7042320177
7042278209
7041047293
7041018788
7040986166
7040954666
7040916277
7040869331
7040831526
7040781008
7040728537
7038457542
7038291270
7038242352
7038216298
7037089289
7037053266
7037018301
7036983046
7036940614
7035547011
7035507305
7035449420
7034057946
7034020493
7033936845
7033873736
7033816378
7033780095
7033746408
7033690110
7033649161
7033538252
7033472424
7033381012
7033348016
7032410767
7032380546
7032354435
7032316455
7032274705
7032241969
7032215761
7032162568
7032093940
7032049920
7031986991
7030848537
7030832773
7030727088
7030696581
7030357227
7030313250
7030270888
7029330186
7029306951
7029280044
7029230305
7029161930
7029096375
7029010499
7028940886
7028678568
7028638357
7028580094
7028434599
7028404580
7027944424
7027901793
7027856869
7027817608
7027731765
7027675521
7026474929
7026389637
7026324269
7026242203
7026212264
7026182067
7026142318
7025813286
7025778294
7025136447
7025112657
7023463172
7023421166
7023364621
7023320167
7023211407
7023137612
7023067405
7023005779
7022934748
7022887281
7022837079
7022748523
7022711972
7022642646
7022571254
7022442563
7003451751
7003329089
7003242636
7003199499
7003158000
7003082092
7002445611
7002422077
7002395318
7002370300
7002275358
7002236445
7002200871
7002142924
7002086303
7002029269
7001985992
7001951485
7001894274
7001857593
7001814228
7001725295
7001661322
7001594897
7001552933
7001503884
7001445762
6998665537
6998577802
6998529841
6998488784
6995724250
6995677309
6995634006
6995587886
6994710892
6994452350
6994419750
6994361097
6993195418
6993163250
6992806796
6992704561
6992630694
6992558699
6992499765
6992440211
6992397130
6992360745
6991425448
6991369143
6991315732
6991273031
6991238771
6990900925
6990779081
6990707004
6990647074
6990629129
6990599255
6989949141
6989918182
6989877721
6989844987
6989791384
6989747488
6989658094
6989623668
6989242836
6989204307
6988246241
6988044670
6987973971
6985210459
6985148360
6983911591
6983840553
6983766256
6982262472
6982190392
6981131136
6981082995
6981050760
6980915438
6980854126
6980781821
6980711989
6980657218
6980624657
6980577309
6980529296
6980470375
6979577793
6979552160
6979505806
6979458676
6979387169
6979340665
6979306361
6977752377
6977713195
6977672895
6977602838
6977555842
6977500008
6974725702
6974686255
6974634850
6972235103
6972156510
6972126021
6972089122
6971983433
6971934120
6970614569
6970586422
6970545454
6970502642
6970462495
6969779580
6969658079
6969082077
6969060069
6969039285
6969016184
6968994567
6968958867
6968932456
6968859726
6968829171
6968777747
6968723479
6968685808
6967168006
6967112841
6966942927
6966838865
6965532100
6965497197
6965360872
6965280220
6963984347
6963946234
6963844683
6963802482
6963737514
6963572835
6963525653
6963470148
6963414673
6962238463
6962223082
6962166754
6962063958
6960431285
6960366108
6960318901
6960267889
6959835665
6959795995
6958792261
6958755434
6958635429
6958576544
6958474878
6958386986
6958331224
6958189778
6958107411
6958052035
6958008902
6957951807
6957896879
6956961112
6956938477
6956920246
6956897347
6956871088
6956838704
6956814829
6956777604
6956743902
6956529564
6956494837
6955137840
6955118913
6955102503
6955075405
6955048140
6954993568
6953500804
6953405194
6953378114
6953355497
6951665755
6951639622
6951604533
6951576989
6951536838
6951476134
6951461910
6951432381
6951381877
6951263280
6951229023
6951185427
6950965615
6950924252
6950843442
6950207965
6950164966
6950064758
6950046306
6950043685
6950007791
6949824743
6949777479
6949738722
6949725298
6949671685
6949621463
6949569223
6949551634
6948328468
6948284053
6948260349
6948216029
6948172144
6948148062
6948106274
6948050393
6947969569
6947899447
6947701712
6947656507
6947584816
6947537920
6947485231
6945940624
6945905440
6945815328
6945757894
6945687982
6945669594
6945129929
6945103886
6945073771
6944903436
6944862206
6944827444
6944795915
6944753821
6944726462
6944691444
6944641571
6944588906
6944532366
6944454834
6944390097
6944273554
6944157196
6944098140
6944077097
6944012394
6943388447
6943363437
6943302313
6943266758
6943239301
6943195398
6943135439
6943094917
6943059695
6942995603
6942821413
6942750177
6942692252
6942570868
6942525993
6942415375
6942377060
6942345358
6940896474
6940849393
6940777333
6939903996
6939871336
6939842780
6939807663
6939777887
6939745915
6939606482
6939535160
6939461594
6939408576
6938349181
6938306702
6938277876
6937901673
6937855568
6937804427
6937723063
6937680016
6937632631
6937598061
6937556907
6937477288
6937444137
6937418863
6937395356
6936900902
6936876488
6936852046
6936821075
6936814588
6936361294
6936312799
6936244785
6936138721
6935892480
6935816784
6935760177
6935074385
6934979839
6934927718
6934881296
6934797838
6934749003
6934707520
6934663679
6934624636
6933201138
6933161165
6933136192
6933114727
6933081933
6933000816
6932948967
6932900567
6932850232
6932807778
6931352760
6931321144
6931283721
6931199646
6931145362
6931106783
6931063335
6931020580
6930946824
6929853130
6929697843
6929644779
6929599698
6929552714
6928993468
6928950352
6928920193
6927933256
6927910084
6927855494
6925149386
6925057387
6925018479
6924613040
6924567810
6924528433
6923390529
6923341253
6923302843
6923212747
6923158382
6922968466
6922901700
6921882100
6921857529
6921824263
6921792335
6921759509
6921709937
6921680972
6921656871
6921604837
6921571911
6921529750
6921012916
6920964268
6919574984
6919515420
6919439387
6916712808
6916669062
6916636341
6916530587
6916484578
6916425601
6915157037
6915108236
6915077053
6915026832
6913746413
6913708899
6913668695
6913603661
6913545985
6913496299
6913442217
6913391411
6913318432
6913213325
6913128746
6913075031
6913007113
6912957849
6912911879
6912870124
6912821847
6912787721
6912750108
6912112023
6912034110
6911968446
6911930797
6911893909
6911845863
6911779166
6911694090
6911648296
6911559907
6911422357
6910092096
6910056731
6910014985
6909969019
6909879091
6909835556
6909788299
6909717590
6909671301
6908344594
6908315280
6908104073
6908057433
6908000144
6907942142
6907891438
6907831170
6907773583
6906413291
6906293405
6906222729
6906143600
6904894312
6904739355
6904700131
6904652938
6904610838
6904572377
6903493636
6901419126
6901351212
6901185016
6901118801
6901064633
6900994736
6900940854
6900086735
6900057478
6899883550
6899853482
6899783463
6899717108
6899677006
6899632449
6899576492
6898964887
6898907869
6898864307
6898811376
6897943815
6897817104
6897774140
6897695740
6897661257
6897619957
6897543563
6895863732
6895807882
6895754860
6895706844
6895659493
6895604374
6895554904
6895517678
6895454706
6895362897
6893691109
6893672059
6893633163
6893546601
6893454377
6891941750
6891884630
6891844606
6891815075
6891781448
6891756135
6889140427
6889056171
6888957932
6888901367
6888720072
6888653481
6888413131
6887525619
6887508398
6887478286
6887459730
6887435678
6887407560
6887379290
6887348474
6887310613
6887260218
6887212337
6887162671
6887102604
6886973654
6886879900
6886825811
6885385930
6885363685
6885342688
6885319452
6885293771
6885254812
6885206381
6885166171
6885129550
6885066881
6884960868
6884902558
6884860582
6882989471
6882943222
6882880314
6882838021
6882779013
6882703004
6882660866
6882607407
6881397038
6881284371
6881209880
6881157970
6881114280
6881065962
6879376091
6879322476
6879275031
6879214727
6877968582
6877934560
6877872233
6877792940
6876237225
6876158787
6875953704
6875895410
6875843033
6875767794
6875706732
6874333714
6874286051
6874255053
6873945159
6873880713
6873822629
6873650837
6873595628
6873445251
6873435399
6873252052
6873200657
6873138537
6873076396
6873033540
6872008605
6871965422
6871919317
6871884890
6871856752
6871744533
6871707030
6871650911
6871586672
6871460420
6871413011
6869668336
6869615489
6869561655
6869519223
6869468130
6869259354
6868038514
6867943864
6867854416
6867790834
6867723793
6866032289
6865966736
6865873842
6862650411
6862614247
6862527413
6862464702
6862410762
6862361808
6862309475
6861894828
6861789715
6861746128
6860735328
6860667325
6860620968
6860582986
6860469815
6860419837
6860370828
6859882872
6859804082
6859716087
6855772689
6854242497
6850761163
6850700446
6850661782
6847742679
6843860659
6843780790
6843723799
6840696238
6840637207
6838496336
6838457882
6838421161
6838384575
6837286865
6836942705
6836766130
6836630025
6836559524
6836499599
6835247109
6835065368
6834989184
6834898960
6834727257
6834676613
6834589005
6834521676
6833555625
6833518926
6832314869
6828780155
6828728038
6828685690
6828649063
6828621213
6828569665
6822188671
6819717264
6818133812
6817183768
6813422449
6813391818
6813354118
6813311236
6787545712
