8534181269
8524567699
8518503812
8518461521
8516752748
8516700375
8516665344
8516631269
8505742738
8505685250
8504982323
8504915663
8504858043
8504784121
8504586571
8504526107
8429399359
8429351225
8429296848
8429248553
8429189052
8424951101
8424906528
8424876230
8423650312
8423592195
8422279341
8422226852
8421156888
8421081768
8420976119
8420917493
8404888142
8404808427
8404788181
8404766632
8404741330
8404175329
8397225922
8396773786
8396699306
8388331377
8388302966
8385782837
8385748370
8385711668
8368665048
8349068269
8349008378
8347657578
8346470307
8346427733
8343650886
8342195125
8342128333
8340944224
8340900700
8340855003
8339028807
8338262296
8338223733
8324652583
8324610985
8323849307
8323374296
8316029294
8315986992
8293185426
8293124537
8293080495
8293051894
8293009016
8289098110
8287976621
8287932243
8287896368
8286802039
8286734976
8286700661
8285168600
8283884141
8283828565
8283803041
8283027569
8282606426
8276219453
8276167286
8273480357
8272253489
8272191044
8270829337
8270761941
8262541652
8262084048
8259899950
8259844587
8259796684
8259730156
8259153207
8258607047
8258050089
8257989467
8257152710
8257106060
8256113528
8256019534
8255737992
8252373397
8252323074
8252256434
8249353513
8249280901
8248043661
8247994776
8247108074
8247059526
8232896844
8232518897
8232492455
8224983022
8224946022
8220932108
8218337772
8217171942
8217122198
8215591125
8215557197
8211070091
8210098228
8209820738
8209763629
8208845085
8208789648
8207471639
8206188586
8206078128
8204082694
8203118576
8203091563
8200790056
8185823173
8176688344
8176589282
8176348496
8176244744
8175423761
8164915627
8164846203
8162043945
8148396782
8145092189
8141922298
8140945128
8131632569
8124813976
8124774840
8122982087
8117075888
8116990593
8110260608
8108197962
8098796092
8094953302
8089400658
8084184315
8082965188
8079703323
8078783266
8077434289
8077410453
8071022262
8055086719
8049857292
8048463103
8047258338
8046995467
8045619330
8045573962
8044489634
8044449284
8043912008
8041388873
8040600079
8040539545
8039402882
8039216566
8038946306
8038880857
8037574097
8037536412
8035636470
8032494202
8032452938
8031247670
8031004970
8030936532
8030888566
8029135961
8029088510
8027785115
8027738012
8027664708
8027612056
8025808907
8025576473
8025126069
8022283133
8019495392
8018075994
8017849259
8005371164
7997935232
7991802637
7981602908
7973825297
7973791189
7972364347
7971025526
7962024991
7958025809
7957853761
7954653502
7954575250
7950085460
7943850798
7942962235
7942767871
7930577271
7928081277
7928038326
7925253179
7923735717
7922812248
7917928015
7917845147
7917671368
7916854448
7916809134
7916779961
7915519712
7915481081
7915429038
7914700695
7914003370
7913956924
7913920716
7912300442
7912237311
7895410774
7895255810
7894724123
7894009520
7893826774
7893747297
7892543550
7887507619
7886974883
7886894348
7885982170
7885842921
7885766176
7885155899
7885110361
7884463817
7883869733
7880371797
7878908948
7875925274
7875834470
7875592415
7875548969
7874564290
7872877639
7872712994
7872631334
7872224079
7872198305
7871560578
7871492352
7869869681
7868092406
7867880716
7867842976
7865976799
7865441672
7864506284
7864111938
7864045900
7863064103
7863037951
7862994780
7859562651
7855758820
7854100108
7853992613
7852467792
7851039999
7850509873
7849186258
7848581853
7847463355
7847394712
7846979534
7846062935
7845934729
7845889887
7844148882
7844014736
7843905806
7842189717
7842149299
7842041783
7841896869
7841837953
7841550943
7840285571
7840223959
7839747024
7839688134
7839652115
7838661106
7838620411
7838545486
7838023632
7837975855
7837900415
7837855634
7836751496
7836722002
7835237311
7835162772
7833686266
7833608982
7833310100
7833253977
7833061731
7832007504
7831356968
7831315759
7831261621
7830510685
7830467380
7830368076
7830300717
7829016666
7828568104
7827550087
7827498490
7824507596
7823020037
7819587797
7819451956
7819359083
7818940216
7818872546
7818839709
7818763140
7818699917
7817938046
7817407208
7817332791
7816476854
7816434178
7816045536
7815996935
7814798671
7814713608
7814264829
7814124662
7814099563
7806534599
7803243764
7803171515
7802632947
7802363727
7802326876
7801632373
7801595534
7800993681
7800703443
7799267195
7799225043
7797050584
7796997115
7796949111
7796918864
7796009109
7795958985
7793705575
7793387786
7793355580
7793304620
7792381735
7792215915
7792173272
7791646808
7790003320
7789973693
7789813407
7789783238
7789743149
7789729181
7789058685
7789014232
7788649393
7788002039
7787071581
7787037776
7786981301
7786468566
7786414992
7785136415
7785106304
7785056266
7785023253
7777187432
7777014731
7776666112
7776621359
7775126219
7774912318
7774723147
7773547471
7773448437
7772796980
7772748788
7769412745
7768572853
7768504531
7767734079
7767680686
7767392746
7767223562
7767032489
7766781365
7766725974
7763524493
7763444914
7763041622
7762940760
7762595175
7762555322
7762518138
7761058558
7760756661
7759500703
7759105184
7758884896
7756737062
7756228040
7756144266
7756036622
7755850222
7755794690
7755750094
7755703170
7755415158
7754116917
7753794126
7753407447
7753228233
7753133047
7751605720
7751493305
7746769175
7743519411
7740602343
7740566506
7739032201
7735681475
7734710800
7734598915
7734229121
7733918283
7733894625
7733834301
7730609857
7727646906
7727212906
7727114667
7726205221
7725745013
7725542957
7724198397
7724142925
7722776818
7722696334
7720031640
7719074200
7718164669
7716580592
7716552893
7715658287
7715513919
7715466357
7714915139
7713726147
7713663592
7711621690
7710455235
7709883833
7708201794
7706504697
7706436399
7706323434
7706277091
7704858018
7704640373
7704582787
7704212509
7704159173
7704115650
7702745478
7702615114
7702575343
7702530868
7702482169
7702445455
7701492067
7701198366
7699511781
7696841559
7695455499
7695407908
7695340384
7695273408
7693530730
7693475870
7693430947
7691461502
7690294892
7688665389
7687592307
7686130170
7686088649
7685472417
7682835729
7680952125
7679494166
7676454231
7675228397
7675139522
7674337543
7673100730
7671603908
7667204927
7666881776
7665770094
7665656346
7665188392
7665166822
7660965816
7660881318
7658958345
7657745922
7657675300
7656349898
7654460827
7654176418
7653297914
7652389401
7649305249
7649259350
7646733406
7646682226
7645395783
7643871830
7643838187
7643169670
7642483650
7641509363
7640651558
7640280969
7640071468
7638852744
7638762936
7638205920
7637052464
7634982482
7634078390
7633573780
7632495462
7632043564
7630837447
7630742265
7630674136
7625437567
7625338162
7623859880
7623779699
7620848851
7618705469
7615879971
7614130391
7613672747
7612371626
7610644843
7609124046
7609067651
7604770192
7604718413
7602725826
7601927679
7601874552
7601840685
7601796005
7599906291
7599798157
7597918060
7597813244
7593619689
7591861650
7591734975
7590318597
7590186769
7588537778
7588335092
7587962759
7586906934
7585072971
7584691659
7583682608
7583434075
7583341953
7583202671
7583025779
7581262877
7581010149
7579988743
7579942252
7579347594
7579302030
7576039896
7574463415
7574114758
7573795058
7572738530
7571277439
7571240881
7571187719
7567759761
7567058086
7566097417
7565688166
7564479680
7562914032
7561463730
7560493602
7560065429
7552478926
7550090514
7548233397
7547978203
7543621945
7541667346
7540380794
7540285890
7537777218
7535753661
7535668801
7534086123
7532797539
7531112603
7530825025
7527849929
7525064127
7524408779
7524315052
7521674740
7519624666
7519214628
7518606156
7518255140
7516758253
7516550375
7514617442
7513203491
7512865537
7512121871
7511930800
7510372364
7510288826
7510212832
7509920189
7509695522
7508255326
7507142426
7506996845
7506731042
7499382612
7498967992
7498032948
7497533793
7497439964
7493257198
7492459444
7492374997
7491630690
7490529127
7488610983
7487554374
7486535095
7485281282
7485241382
7484712807
7483415496
7483364643
7474301510
7468638431
7461484753
7460212489
7460134853
7459641583
7451617876
7449829520
7445592807
7445496570
7444064609
7440731675
7437204874
7432227141
7427315493
7426655693
7425532270
7425482519
7423364151
7422743062
7421424776
7421216428
7420464070
7419940352
7417859893
7416370585
7414939027
7414861531
7413885151
7413181310
7412409992
7411615299
7410208380
7409340543
7406843076
7405980601
7402657250
7402413194
7400491926
7396250921
7394879478
7394015491
7392303829
7385411864
7384917571
7384768740
7382054133
7381955494
7381713372
7380182939
7377247646
7364944974
7364872878
7362081943
7362010421
7360747296
7358660802
7357478120
7356092673
7355828997
7355499261
7353523119
7353014016
7352068731
7351676888
7350411611
7350324593
7347182242
7347123081
7347045230
7344113950
7344061847
7342954078
7341386586
7341243887
7340863652
7339445982
7336303423
7335769846
7334809581
7332003118
7331467109
7330652422
7330169593
7330087238
7324074738
7323939879
7323486424
7322442408
7321008893
7320716570
7320640110
7317184157
7314180904
7313904233
7313724512
7312853674
7312293414
7312127979
7312058929
7311401934
7310956499
7310857616
7310647798
7309869612
7309703488
7306778264
7301100219
7299370852
7299138349
7298864314
7297824290
7296488406
7296182004
7296096486
7295865735
7294118852
7293003843
7290097764
7290032559
7288939942
7286542251
7286010457
7285175336
7284510502
7283317821
7282807110
7277397219
7275920865
7274489708
7271839264
7268583682
7267729778
7267543027
7267446969
7266445986
7251856845
7251275463
7248172722
7247986058
7247944694
7247400311
7247247319
7247208987
7246923939
7244500496
7241430149
7241369677
7237679790
7218120515
7214152016
7209341474
7208235156
7208178798
7207928453
7207052504
7205315453
7202640898
7199048873
7198825785
7198254529
7196917237
7196866184
7195854151
7194642257
7193083040
7192349955
7190256257
7188634937
7187527096
7187494717
7187106328
7186171755
7185360203
7182769206
7181286782
7181254281
7180850244
7180083565
7179470860
7173864621
7170424912
7169012768
7162811623
7158990292
7155676179
7152941817
7148044335
7146597996
7143673373
7141662262
7141281568
7140170861
7138663007
7138593850
7138476343
7137395524
7136142704
7136100359
7136063606
7134728876
7134587040
7125373500
7125194628
7125067337
7124993324
7123689599
7123080196
7122179498
7122047951
7121543938
7121494851
7121357045
7121341190
7120323716
7119877989
7118228427
7118012037
7117370678
7115951560
7115822948
7115789937
7115506729
7115470480
7114676276
7114315994
7114156139
7114117724
7113284484
7113138550
7113100317
7112942314
7112767524
7111765739
7111411342
7111316142
7111277369
7111240680
7111119323
7110560361
7110501136
7109520070
7108797576
7108594295
7108446604
7108423946
7108213580
7108141282
7107904079
7107801799
7107086964
7106978338
7106726315
7106495688
7106297048
7106265747
7106236526
7105679432
7105491557
7105253399
7105156584
7105085595
7104280551
7104073723
7103846100
7103811602
7103768639
7102989089
7102872503
7102439855
7102386671
7101521960
7101082743
7101040195
7100999116
7100088959
7100047414
7100006312
7099913852
7099872689
7099293778
7099266744
7098511834
7098338532
7098235677
7098193961
7098149594
7097862043
7097802289
7097741195
7096859591
7096738683
7096704530
7096369472
7096240831
7096178334
7095226040
7095194899
7094979112
7094932188
7094866248
7094719263
7093831086
7093522164
7093321519
7092408041
7092151567
7091844274
7090828846
7090494972
7089587579
7089205945
7088952382
7088836194
7088792422
7088733647
7087847454
7087846122
7087780612
7087746586
7087101007
7086975065
7086934446
7086212814
7086163232
7085798329
7085757287
7085705961
7084773605
7084734606
7084525257
7084470253
7084223929
7083439847
7083405511
7083236361
7083066407
7083026491
7082882872
7082059802
7081896292
7081744144
7081516972
7081429083
7081381394
7080563859
7080535379
7080447267
7080306932
7080155745
7079943774
7079164730
7079122395
7078903586
7078742382
7078682871
7078620143
7078305219
7078191817
7078156132
7077453412
7077413190
7077300041
7077254292
7077132692
7077092491
7076744934
7076554879
7076507012
7075640843
7075382847
7075277741
7075228311
7075179597
7074265299
7074223958
7073771328
7073732385
7073693812
7073619340
7072790751
7072757441
7072652299
7072579543
7072263099
7072108533
7071314679
7071244289
7071206504
7071164815
7070885029
7070581047
7070553371
7069737706
7069640220
7068405278
7068368983
7068295259
7067533552
7067531672
7066830161
7063065784
7061702504
7059147540
7057721688
7057047172
7056628653
7055079364
7054801265
7054044335
7053517439
7052531582
7052287149
7050811345
7050613589
7049199618
7048679182
7047595650
7047498131
7047278986
7047070894
7047032639
7046195394
7046153735
7044347197
7044087914
7043721320
7042547149
7034696796
7033571928
7031771952
7027496301
7025901369
7025859168
7024593374
7024062268
7024023274
7023163770
7023050773
7021518460
7021479586
7019784655
7019740166
6992355254
6991198696
6990741255
6988104637
6986600658
6986536618
6985084217
6983687471
6954752478
6954519139
6954476967
6954436671
6954388931
6954146078
6953966578
6953946297
6952326499
6952293603
6951605262
6951568821
