8526688189
8524567699
8518503812
8518461521
8516752748
8516700375
8516665344
8516631269
8436182608
8429399359
8429351225
8429296848
8422279341
8404175329
8396773786
8382071382
8346470307
8346427733
8342195125
8342128333
8324652583
8324610985
8323849307
8293124537
8293080495
8293051894
8293009016
8286282817
8273480357
8262541652
8259899950
8259844587
8259796684
8259730156
8258607047
8257152710
8257106060
8256113528
8252373397
8252323074
8252256434
8249353513
8249280901
8248043661
8247994776
8247108074
8247059526
8247017066
8244742004
8244171020
8244113085
8243349387
8243270766
8241912191
8206188586
8154688150
8117075888
8116990593
8110260608
8094995805
8094953302
8082965188
8078384667
8072607316
8071022262
8058313501
8056346432
8054983139
8045619330
8045573962
8043912008
8042919924
8042370916
8042252077
8042218876
8041440821
8041388873
8039662025
8039616031
8039402882
8039352759
8039313812
8039274952
8039216566
8039143513
8038946306
8038880857
8037688683
8037640211
8037574097
8037536412
8035636470
8032494202
8032452938
8030936532
8030888566
8029135961
8029088510
8027785115
8027738012
8027664708
8027612056
8025808907
8025576473
8023730573
8023639190
8023565874
8022283133
8019495392
8018075994
8017849259
8011879603
8011827216
8011509461
8008829618
7997935232
7996710305
7995459660
7995140136
7993501343
7990959568
7981883799
7981821501
7973040742
7972925132
7972768619
7965902561
7965846034
7964468005
7964413341
7962432393
7951407323
7950472423
7950390261
7948968188
7948828475
7943088265
7942995081
7942923789
7942594929
7941350205
7939627707
7939580610
7937055085
7935496932
7935399866
7935359094
7935327834
7934319781
7934240483
7919993537
7919848926
7919741328
7919690644
7918521841
7916854448
7916809134
7916779961
7915519712
7915481081
7915429038
7914700695
7914144830
7914119779
7914079488
7914003370
7913956924
7913920716
7913866417
7911941964
7911828992
7896412154
7896321756
7895452561
7895047271
7894969841
7894910525
7893801387
7893716090
7892543550
7890785201
7888553621
7888451379
7887507619
7887452871
7887201025
7887084369
7887009445
7885863204
7885676887
7885276979
7883984626
7883703124
7883666887
7882343127
7882279241
7796009109
7785136415
7785106304
7785056266
7675228397
7675139522
7601927679
7591861650
7591734975
7583682608
7583202671
7579988743
7579942252
7572738530
7571277439
7571240881
7564479680
7434870288
7434802110
7431215737
7431168203
7425532270
7425482519
7423364151
7418906255
7418844556
7413625890
7411615299
7410861610
7410757842
7410662556
7406103588
7406053173
7385411864
7377247646
7364944974
7364872878
7362081943
7359401132
7359341747
7359256803
7356092673
7355828997
7353014016
7351676888
7350478108
7348268666
7348213053
7347182242
7347123081
7345592801
7345567086
7341386586
7338027408
7337674466
7333031046
7331655012
7330652422
7330169593
7330087238
7328273415
7328197923
7326693679
7326653699
7325635932
7325560777
7325278332
7325186843
7324074738
7322316513
7322288337
7322246909
7322200875
7322098481
7320716570
7320640110
7316515535
7313904233
7306957970
7306632315
7306522954
7181439190
7181398640
7180281433
7179578682
7179508163
7175857588
7174194383
7174147566
7170368210
7170327296
7169098563
7169012768
7167729745
7156275144
7151530440
7137395524
7136100359
7134627186
7134587040
7123273241
7123161641
7121414849
7120159000
7118337911
7118321336
7117839604
7117731644
7117649750
7116090251
7109676216
7108488428
7108412922
7106937443
7106857182
7106765726
7106751631
7102599565
7102525547
7102495389
7099485099
7099403721
7099344649
7098542873
7098478495
7098330895
7095090527
7092137280
7092076099
7091981313
7091907248
7089205945
7089111274
7089013252
7087402521
7087335642
7087265970
7087194028
7085835306
7085779937
7084244010
7084179724
7084143328
7083166802
7081516400
7081433356
7081377536
7080666699
7080629378
7080113460
7080028531
7078695317
7076903808
7076838912
7076758950
7076642349
7076599604
7075870312
7074911096
7073693812
7072313425
7069640220
7069570123
7069523213
7065048290
7065013596
7063235731
7063180023
7063137027
7063065784
7063010315
7059206914
7059193183
7059147540
7052478056
7052421294
7052385135
7052344199
7048662972
7048613701
7048554963
7046167456
7045256161
7045209589
7042564661
7042522488
7031933237
7031835418
7030746623
7030715940
7030246475
7030202894
7029301906
7029270417
7026279978
7025901369
7025859168
7024747226
7023315317
7023252594
7023163770
7021326776
7019676090
7019612856
7019534775
7018407006
7018347976
7015559670
7014147835
7014098755
7012659857
7012646766
7012585156
7012557704
7009686561
7004947749
7001406668
7001359172
6985129187
6985061163
6982673653
6982629107
6982616214
6980649794
6979061499
6978010264
6976552789
6976512356
6974675667
6974610289
6973423718
6973316340
6973217650
6970065922
6968513880
6968369003
6968297666
6966627516
6965574224
6965505509
6965457597
6964062149
6964033444
6962155170
6960457912
6960428641
6960112308
6960051727
6959953687
6959810091
6959752682
6958133690
6958068906
6956170564
6954693191
6954652222
6954613521
6953221887
6953218006
6951643039
6951605262
6951568821
6949816438
6949768111
6947849806
6947807244
6947249909
6946209952
6946134107
6945897274
6944521424
6941125780
6941077188
6941008723
6934367494
6930944455
6930846498
6929599968
6928262445
6928233050
6921173323
6917997372
6917937251
6917844291
6916653597
6915016160
6909758392
6906004636
6901322754
6898704323
6895424889
6895295027
6892072472
6890515906
6886202945
6884533145
6884399045
6882546077
6880920207
6880755424
6879233459
6879132257
6879033592
6877445614
6877355611
6875846170
6873526067
6873454553
6873226475
6871265436
6871189668
6871095838
6871022845
6869788894
6869497454
6869339810
6869214959
6869118449
6867960224
6867441516
6867352472
6866244723
6866192701
6865809676
6865627067
6864468606
6864402016
6863844836
6859765162
6859222110
6858228741
6858206938
6858130737
6858047078
6857921909
6855745386
6855592002
6853999212
6853848035
6853748098
6853692952
6852038516
6851949126
6851906518
6850091382
6848326009
6848226589
6847467967
6846069915
6842316544
6842224572
6842146697
6840711270
6840576882
6840466828
6839535993
6839507507
6837455756
6837337880
6836365334
6834514385
6834329005
6833200077
6833101359
6833019615
6832948944
6832759553
6832484460
6832413080
6831854625
6831807188
6830937255
6830865684
6827979556
6827807764
6827729881
6826700603
6824261644
6824215845
6823978494
6823887689
6823826445
6819579460
6819508975
6819463483
6817952316
6817890872
6817844507
6816309072
6816244809
6816151118
6811931147
6806823263
6805656914
6805619282
6799566251
6796361404
6796256234
6796191526
6791717662
6791642627
6785334843
6785265827
6783478898
6780708744
6777575748
6777430248
6776217661
6776169833
6776115815
6775781448
6775731893
6774640089
6773863827
6773788899
6766628782
6766559879
6766521007
6763020461
6762717187
6762639932
6762570015
6757821854
6757753978
6757652531
6757645121
6757591271
6741062800
6741026548
6731197395
6729614654
6729587162
6729555524
6678480668
6617819008
6616867879
6616824867
6616772568
6616732318
6616518118
6616470564
6615093842
6615053690
6601653086
6600299280
6600251876
6600212461
6599484230
6599446207
6597126361
6597094452
6597033360
6586921877
6586618132
6586570756
6546903601
6527850687
6525409867
6521597991
6520170299
6501335134
6493305884
6482060756
6472688688
6464000261
6461950429
6461431407
6457639750
6444566409
6433492960
6433239198
6427956648
6426568013
6426455551
6424794504
6424704814
6424489859
6424383199
6423552998
6421069960
6420399365
6414847574
6410934581
6409051273
6408954096
6407608138
6404522930
6404452076
6401848150
6401746605
6396752118
6396678720
6396459547
6395092047
6393546108
6393436567
6392868743
6389573841
6388970668
6380994980
6380917327
6378835557
6377225106
6371681481
6371535226
6368892872
6368849621
6368352143
6367060656
6367003202
6366933688
6366887822
6366811574
6366696354
6366611157
6365132927
6365089454
6365016443
6355021968
6350616411
6350586651
6348269886
6269502854
6269408140
6264620780
6263554880
6263501136
6259911471
6259878504
6259347441
6259273330
6259220311
6258039279
6257976274
6256607616
6256563805
6256526105
6256308376
6256220716
6256140186
6255108079
6255072285
6255007901
6254957423
6254370892
6254316244
6254273264
6254230793
6252621005
6251504590
6251465297
6246739284
6242218396
6242126453
6222951618
6219748250
6215183146
6211715355
6211649588
6210538814
6208990770
6208692984
6208632639
6206310651
6196725526
6193178226
6181606074
6179128330
6178098922
6156657389
6109736192
6027894826
6027813209
6014125357
6013490542
6008189787
6008142238
6004796450
6001663068
6000150104
6000066239
5998875784
5995184079
5995150796
5989350811
5989268203
5987550139
5986790890
5972375280
5770271660
5743396764
5731267867
5729970676
