8421144793
8421022486
8413692850
8412315371
8412285043
8411586044
8411283486
8411209321
8411155584
8410878816
8410822281
8410101862
8410046373
8409983365
8409840842
8409792893
8409687637
8409601080
8409535422
8407968379
8407896274
8407339275
8398140028
8343779796
8311645210
8311535944
8307174346
8307096580
8300504543
8299580615
8299465131
8298018159
8297963896
8245618007
8244742004
8244171020
8243349387
8243270766
8243134039
8241912191
8241826012
8240623318
8240206636
8240145944
8239386889
8238217899
8237674239
8237632891
8237602519
8236957641
8236612570
8236551808
8236512998
8235729060
8235467410
8235049296
8234989033
8234370611
8234026981
8233970781
8233908973
8233695104
8206188586
8117075888
8116990593
8054776338
8046995467
8043912008
8042370916
8042252077
8042218876
8039216566
8039143513
8038946306
8038880857
8035636470
8031004970
8030936532
8030888566
8029135961
8029088510
8027785115
8027738012
8027664708
8027612056
8025808907
8023730573
8023639190
8023565874
8022283133
8019495392
8018075994
7981602908
7971025526
7954520283
7950085460
7947771822
7943850798
7942962235
7934319781
7934240483
7928081277
7928038326
7927057647
7926999909
7923735717
7922812248
7921067073
7920984540
7917928015
7917845147
7917671368
7916809134
7916779961
7916062078
7916018412
7915519712
7915481081
7915429038
7914700695
7912237311
7886974883
7886894348
7885982170
7885842921
7885766176
7885155899
7885110361
7884463817
7883869733
7875925274
7875834470
7874564290
7872877639
7872712994
7872631334
7872224079
7872198305
7871560578
7871492352
7869869681
7847463355
7847394712
7846062935
7845934729
7845889887
7844148882
7844014736
7843905806
7842189717
7842149299
7842041783
7840285571
7840223959
7838620411
7838545486
7836751496
7836722002
7835237311
7835162772
7833686266
7833608982
7833061731
7832007504
7831356968
7831315759
7831261621
7830510685
7830467380
7830368076
7828568104
7827550087
7819587797
7819451956
7819359083
7818940216
7818872546
7818839709
7818763140
7818699917
7817407208
7817332791
7816476854
7816045536
7815996935
7814798671
7796009109
7795958985
7795918984
7785136415
7785106304
7785056266
7785023253
7777187432
7775126219
7769412745
7768572853
7767734079
7767680686
7767392746
7766781365
7766725974
7763524493
7763444914
7763041622
7762940760
7762595175
7762555322
7762518138
7761058558
7760756661
7759500703
7758027819
7756896165
7756825572
7756228040
7756144266
7756036622
7625437567
7625396225
7601927679
7598381581
7597918060
7583682608
7431215737
7431168203
7418906255
7418844556
7417859893
7413625890
7413181310
7359341747
7340725916
7331655012
7306957970
7306632315
7299138349
7299104410
7257770758
7252462685
7237679790
7219383070
7218120515
7202640898
7199048873
7199007942
7195837458
7190181376
7188892936
7182915987
7182866300
7181439190
7181398640
7180281433
7176505755
7176476840
7175857588
7175461866
7174194383
7174147566
7171526377
7170327296
7169098563
7167729745
7151530440
7147162482
7137395524
7136100359
7136063606
7134728876
7134627186
7125373500
7124610245
7124504806
7123273241
7123161641
7120159000
7119599603
7118321336
7118266056
7089205945
7089111274
7087402521
7087335642
7084143328
7081516400
7065048290
7063235731
7063180023
7063137027
7059193183
7053961757
7052478056
7052385135
7052344199
7050811345
7048613701
7048554963
7048464221
7048406615
7048360979
7045256161
7045209589
7045164127
7042522488
7030746623
7030715940
7029301906
7029270417
7023315317
7023252594
7021326776
7018407006
7015559670
7014147835
7014098755
7012659857
7012646766
7012585156
7012557704
6965505509
6965457597
6962155170
6960457912
6960428641
6960112308
6960051727
6959752682
6958133690
6958068906
6954693191
6954652222
6951605262
6951568821
6951450595
6951413538
6951374372
6949816438
6949768111
6947849806
6947807244
6947249909
6866116317
6866071347
6837455756
6834329005
6827313850
6826700603
6826657791
6823826445
6819579460
6818807676
6817952316
6817630173
6752539953
6737082752
6724850313
6724827093
6724754256
6718766448
6718747672
6716353271
6707036853
6702055087
6702023331
6699129939
6699092637
6697571096
6697553240
6697536322
6696571189
6691669163
6690612572
6690302749
6690284770
6689104361
6689050504
6688876927
6688844073
6684298765
6684269602
6682591132
6681679665
6681632358
6679984043
6679765872
6679708233
6678238070
6677563499
6677530561
6677379079
6654339202
6653355608
6653332552
6652382648
6652363017
6652344802
6652325101
6650995144
6650963087
6650932699
6649200255
6648269576
6648242273
6635878714
6635840564
6629119223
6627761339
6627725274
6627167554
6626717194
6626262938
6626207241
6626032485
6625960466
6625886662
6625406756
6625378405
6625321494
6617819008
6617675912
6617624342
6616867879
6616824867
6616772568
6616732318
6616518118
6616470564
6615093842
6615053690
6613268109
6610887193
6610833431
6610775923
6607599597
6606129557
6606085162
6606039338
6604696596
6604399025
6603066002
6601653086
6600299280
6600251876
6600212461
6599484230
6599446207
6597126361
6597094452
6597033360
6595310862
6595071978
6595043179
6593877127
6593517906
6589428362
6588703230
6588203840
6586861134
6586618132
6586570756
6586426205
6584877490
6583503870
6583252364
6583209651
6574557151
6573486168
6567219634
6565171715
6565118016
6564308234
6564144657
6564078561
6559834943
6558139673
6557717848
6557667593
6546903601
6527850687
6525409867
6521597991
6520170299
6511875453
6509305819
6507155304
6501335134
6497033649
6493305884
6491087208
6489439734
6482060756
6472688688
6471014345
6464000261
6463344320
6463295997
6461950429
6461702793
6446631722
6444566409
6443456780
6430472177
6426568013
6426455551
6424794504
6424704814
6424383199
6423552998
6421069960
6414847574
6409782465
6409051273
6408954096
6404522930
6404452076
6401848150
6401746605
6399974795
6396459547
6395092047
6393546108
6393436567
6389573841
6388970668
6380602371
6378835557
6377225106
6377085624
6375312680
6371681481
6371535226
6368849621
6368352143
6368233374
6368178440
6368085945
6367060656
6367003202
6366933688
6366887822
6366811574
6366696354
6366611157
6365132927
6365089454
6365016443
6353566898
6352154326
6350616411
6350586651
6348269886
6251504590
6251465297
6054156279
6029859186
6015107645
6014025548
6013989268
6013934935
6013490542
6012643452
6010540490
6010506514
6010469638
6008189787
6008142238
6004796450
6001727117
6001663068
6000150104
6000066239
5998875784
5995184079
5995150796
5989350811
5989268203
5988029317
5987550139
5986790890
5985074375
5983594299
5983560536
5972375280
5950925905
5946956995
